service_id,monday,tuesday,wednesday,thursday,friday,saturday,sunday,start_date,end_date
2001,1,1,1,1,1,1,0,20260803,20260809
2002,1,1,1,1,1,0,0,20260622,20260802
2003,0,0,0,0,0,1,1,20261102,20261206
2004,0,1,0,0,0,1,0,20261207,20261213
2005,0,0,0,0,0,1,1,20261026,20261206
2006,0,0,0,1,1,1,1,20260817,20260823
2007,1,1,1,1,1,1,1,20261005,20261206
2008,1,1,1,1,1,1,1,20261102,20261206
2009,0,0,0,0,0,1,1,20261026,20261101
2010,0,1,1,1,0,0,0,20261005,20261011
2011,1,1,1,1,1,1,1,20260525,20261004
2012,1,1,0,0,0,0,0,20260525,20260531
2013,1,1,1,1,1,1,1,20260831,20261004
2014,1,1,1,1,1,1,1,20260914,20261206
2015,0,0,0,0,1,1,1,20260928,20261004
2016,0,1,1,1,1,1,1,20260914,20260920
2017,0,1,1,1,1,1,0,20260914,20260920
2018,1,0,0,0,1,1,1,20260921,20260927
2019,1,1,1,1,1,0,0,20260831,20260920
2020,1,0,0,0,0,0,1,20260914,20260920
2021,0,0,0,0,0,0,1,20260914,20260920
2022,1,1,1,1,1,0,1,20260824,20260920
2023,1,1,1,1,1,0,1,20260928,20261018
2024,1,1,1,0,0,0,0,20260928,20261004
2025,1,1,1,1,1,1,0,20260831,20261018
2026,0,0,0,0,0,1,1,20260907,20261018
2027,1,1,0,0,1,0,1,20260727,20260809
2028,1,0,1,0,1,0,1,20260720,20260726
2029,0,0,1,0,0,0,0,20260831,20260906
2030,0,1,0,0,1,0,0,20260831,20260906
2031,1,1,1,1,1,0,0,20260907,20260913
2032,0,1,1,1,1,0,0,20261012,20261018
2033,0,1,1,1,0,0,0,20260824,20260830
2034,0,0,0,0,0,1,0,20261026,20261206
2035,1,1,1,1,1,0,0,20260824,20260920
2036,0,0,0,0,0,0,1,20260601,20260830
2037,0,0,1,1,1,1,1,20260831,20260906
2038,1,1,1,1,1,1,1,20261012,20261025
2039,1,1,1,1,1,1,1,20260706,20260809
2040,0,0,0,0,1,1,0,20260629,20260705
2041,0,0,0,0,0,1,1,20260622,20260628
2042,0,0,1,1,1,0,0,20260824,20260830
2043,0,0,0,1,1,0,0,20260817,20260823
2044,0,0,0,0,1,0,0,20261019,20261025
2045,1,0,0,0,0,0,0,20260928,20261004
2046,1,1,1,1,1,0,0,20261005,20261101
2047,1,1,1,1,1,0,0,20260608,20260816
2048,1,1,0,1,1,1,1,20260817,20260823
2049,1,1,1,1,1,1,1,20260706,20260830
2050,0,0,1,1,1,1,0,20260817,20260823
2051,1,1,1,1,0,0,0,20260622,20260628
2052,1,1,1,1,1,0,0,20260601,20260607
2053,1,1,1,1,1,0,0,20260831,20260927
2054,0,0,0,1,1,1,1,20260914,20260920
2055,1,1,1,0,0,1,1,20261005,20261011
2056,0,1,1,1,1,1,0,20261109,20261129
2057,0,0,0,0,0,1,0,20260713,20260719
2058,0,0,1,0,1,1,1,20260601,20260607
2059,1,1,1,1,1,1,1,20260831,20261101
2060,1,1,1,1,1,1,0,20260601,20260614
2061,1,1,1,1,1,1,0,20260831,20261213
2062,1,1,1,1,1,0,1,20260824,20260830
2063,1,1,1,1,0,0,0,20260601,20260621
2064,0,0,0,0,0,1,1,20260622,20260802
2065,0,0,0,1,1,1,1,20261019,20261025
2066,1,1,1,1,1,0,0,20260608,20261025
2067,1,0,0,0,0,0,1,20261116,20261122
2068,1,1,1,1,1,1,1,20260928,20261101
2069,1,1,0,1,1,1,1,20260525,20260531
2070,1,0,0,0,0,0,0,20260914,20260927
2071,0,0,0,0,0,0,1,20260601,20260607
2072,0,0,0,1,0,0,0,20260914,20260920
2073,1,1,1,1,1,1,0,20260622,20260830
2074,0,0,0,0,1,0,0,20260601,20260607
2075,0,0,0,0,1,1,1,20260921,20261018
2076,1,1,0,0,0,0,0,20260824,20260830
2077,0,0,0,1,1,1,0,20260824,20260830
2078,0,0,0,1,1,1,0,20260907,20260913
2079,1,1,1,1,1,1,1,20260921,20261101
2080,1,1,1,1,1,0,0,20260706,20260712
2081,0,0,0,0,1,0,0,20260622,20260628
2082,1,1,1,1,1,1,0,20260928,20261018
2083,1,1,0,1,1,0,0,20260928,20261004
2084,0,0,0,0,1,1,1,20260615,20260621
2085,0,0,0,0,1,0,0,20260831,20260913
2086,1,1,1,1,1,0,1,20261012,20261018
2087,1,1,1,1,0,0,0,20260629,20260705
2088,1,1,1,1,0,0,0,20260601,20260607
2089,1,1,1,1,1,1,0,20260713,20260719
2090,0,0,0,0,0,1,1,20260608,20260614
2091,0,0,0,0,1,1,0,20260928,20261004
2092,1,1,1,1,1,0,0,20260629,20260726
2093,0,0,0,0,1,1,1,20260824,20260906
2094,0,0,0,0,0,0,1,20260831,20260913
2095,1,1,1,1,0,0,0,20260824,20260906
2096,0,0,0,0,0,0,1,20260914,20260927
2097,0,0,0,0,0,1,1,20260824,20260913
2098,0,0,0,0,0,1,1,20260914,20260927
2099,0,0,0,1,0,0,0,20260921,20260927
2100,0,1,1,1,1,1,1,20260601,20260607
2101,0,0,0,1,1,0,0,20260525,20260531
2102,0,0,0,0,0,1,1,20260831,20260927
2103,1,1,1,1,0,0,0,20260727,20260802
2104,0,0,1,1,0,0,0,20260720,20260726
2105,1,1,1,1,0,0,0,20260803,20260809
2106,1,1,1,1,1,0,0,20260824,20261025
2107,1,1,1,1,1,1,1,20261005,20261101
2108,1,1,1,1,0,0,0,20260720,20260726
2109,0,0,0,0,0,1,1,20260608,20260628
2110,0,0,0,0,1,1,1,20260720,20260726
2111,0,0,0,1,1,0,0,20261102,20261108
2112,1,1,1,1,0,1,0,20260803,20260809
2113,1,1,1,1,1,1,0,20260914,20261025
2114,0,0,0,0,0,0,1,20260907,20261025
2115,0,1,0,0,0,0,0,20261207,20261213
2116,1,1,1,1,0,1,1,20261109,20261206
2117,0,0,0,0,0,0,1,20260831,20261025
2118,0,1,1,1,0,0,0,20260706,20260712
2119,0,1,1,1,1,1,1,20261019,20261101
2120,0,1,1,1,1,0,0,20260706,20260712
2121,0,0,0,0,1,0,0,20260720,20260809
2122,1,1,1,1,1,1,1,20260817,20261004
2123,0,0,0,0,1,0,0,20260525,20260628
2124,1,1,1,1,1,1,0,20261026,20261101
2125,1,1,1,1,0,0,0,20260713,20260802
2126,1,1,1,1,1,1,0,20260921,20261018
2127,1,1,1,1,1,0,1,20260615,20260621
2128,1,1,1,1,0,0,1,20260622,20260802
2129,1,0,0,1,0,1,1,20260928,20261004
2130,1,0,0,0,0,1,1,20260907,20260913
2131,0,0,0,0,0,1,1,20260525,20260614
2132,1,1,1,1,1,0,0,20260608,20260906
2133,1,1,1,1,1,1,1,20260608,20260719
2134,1,1,1,1,1,1,1,20260720,20260816
2135,0,1,0,1,0,0,0,20260608,20260705
2136,1,1,1,1,1,1,1,20260615,20260628
2137,1,1,1,1,1,1,0,20260727,20260802
2138,1,1,1,1,1,1,1,20260817,20261206
2139,1,1,1,1,1,1,1,20260629,20260712
2140,1,1,1,0,0,0,0,20261012,20261018
2141,0,0,1,1,1,1,0,20261012,20261018
2142,0,0,0,0,0,0,1,20261005,20261011
2143,1,1,0,0,0,0,0,20261019,20261025
2144,1,1,1,1,0,0,0,20260831,20260913
2145,1,1,1,0,0,0,0,20260817,20260823
2146,1,1,1,1,1,0,0,20261026,20261206
2147,0,0,0,0,0,1,1,20260706,20261025
2148,0,1,1,1,1,0,0,20261026,20261101
2149,1,1,1,1,1,1,1,20260622,20260830
2150,0,0,0,0,0,1,1,20260831,20261018
2151,0,0,0,0,0,1,1,20261102,20261108
2152,1,1,1,1,1,1,0,20261012,20261018
2153,0,0,0,0,0,1,1,20260810,20260816
2154,0,0,0,0,0,0,1,20261026,20261206
2155,1,1,1,1,1,1,1,20260525,20260823
2156,0,0,1,1,1,1,1,20260525,20260531
2157,1,1,1,1,1,1,0,20260824,20261004
2158,0,0,0,0,0,1,0,20261005,20261011
2159,0,0,0,0,0,0,1,20260921,20260927
2160,1,1,1,1,1,1,1,20260907,20260920
2161,1,0,1,0,1,0,1,20260706,20260712
2162,0,1,0,1,0,1,0,20260713,20260719
2163,1,0,1,0,1,0,1,20260713,20260719
2164,1,0,1,0,1,0,1,20260803,20260809
2165,0,0,0,0,0,0,1,20260601,20261206
2166,1,1,1,1,1,0,1,20260803,20260809
2167,0,0,0,0,1,0,0,20260525,20260802
2168,0,0,0,0,1,0,0,20261026,20261108
2169,0,0,0,0,0,0,1,20261102,20261206
2170,0,1,1,1,1,1,1,20261005,20261011
2171,0,0,0,1,0,0,0,20260907,20260913
2172,0,0,0,0,0,1,1,20260831,20260920
2173,0,0,0,0,0,1,1,20260629,20260705
2174,1,1,1,1,1,1,1,20260608,20261206
2175,1,1,1,1,1,1,1,20260817,20260830
2176,1,0,0,0,0,0,1,20260921,20261004
2177,0,0,0,0,1,1,1,20260914,20260920
2178,0,1,0,0,0,0,0,20260921,20260927
2179,0,0,0,0,0,0,1,20260907,20260920
2180,1,1,1,1,1,1,1,20260608,20260927
2181,1,1,1,1,1,1,0,20260601,20260920
2182,0,0,0,0,0,1,0,20260727,20260802
2183,1,1,1,1,0,0,1,20260921,20261004
2184,1,0,1,0,1,0,0,20260601,20260614
2185,1,1,1,1,1,1,1,20260629,20260726
2186,1,1,1,1,1,0,1,20260914,20261018
2187,1,1,1,1,1,1,0,20260921,20260927
2188,0,0,0,1,1,0,0,20261005,20261011
2189,1,1,1,1,0,0,1,20261005,20261011
2190,0,0,0,0,0,1,1,20260615,20260712
2191,0,1,0,0,0,0,0,20260727,20260802
2192,1,1,0,1,0,0,0,20260601,20260607
2193,0,0,1,1,1,0,0,20260817,20260823
2194,1,1,1,1,1,0,0,20260824,20261213
2195,1,1,1,1,1,0,0,20260601,20260614
2196,1,1,1,1,1,0,1,20260615,20260802
2197,0,0,0,0,0,1,1,20260921,20261018
2198,0,0,0,0,0,1,1,20260615,20260802
2199,0,0,0,0,0,1,1,20260608,20261025
2200,0,0,0,0,0,1,1,20261123,20261129
2201,1,1,0,0,0,0,0,20260622,20260628
2202,0,0,0,1,0,0,0,20260601,20260607
2203,1,1,0,0,0,1,1,20261005,20261011
2204,0,0,0,0,0,0,1,20260907,20261206
2205,1,1,1,1,1,1,1,20260615,20260823
2206,1,1,1,1,0,0,0,20260824,20260830
2207,1,1,1,1,1,1,0,20260615,20260621
2208,1,1,1,1,1,0,1,20260921,20260927
2209,0,1,1,1,0,1,0,20260824,20260830
2210,0,0,0,0,0,1,1,20260629,20260802
2211,0,1,1,1,1,0,0,20260914,20260920
2212,0,1,1,1,1,0,0,20260921,20260927
2213,1,1,1,1,0,1,1,20261012,20261018
2214,1,0,0,0,0,0,1,20260907,20260913
2215,0,0,0,0,0,1,1,20260928,20261018
2216,1,1,1,0,0,0,1,20260824,20260830
2217,0,0,0,0,0,1,1,20260803,20261025
2218,1,1,1,1,1,1,1,20260706,20261206
2219,1,1,1,1,1,1,1,20260713,20260719
2220,1,1,1,1,1,1,1,20260727,20260906
2221,1,1,1,1,1,1,1,20260601,20260621
2222,0,0,0,0,1,1,0,20260622,20260802
2223,1,1,1,1,1,1,1,20260817,20260906
2224,0,0,0,0,0,1,0,20260525,20260628
2225,0,0,0,0,0,1,0,20260720,20260802
2226,0,0,0,0,0,1,0,20260817,20260823
2227,0,1,1,1,0,0,0,20260914,20260920
2228,1,1,1,1,1,0,0,20260615,20260705
2229,0,0,0,0,0,0,1,20260720,20260809
2230,1,1,1,1,1,1,0,20261109,20261213
2231,0,0,0,0,0,1,0,20260921,20261004
2232,0,0,1,1,1,1,1,20261130,20261206
2233,1,0,0,0,0,0,0,20260921,20261011
2234,0,1,1,1,1,1,1,20260907,20260927
2235,0,1,1,1,0,0,0,20260601,20260607
2236,0,0,0,1,1,1,1,20261102,20261108
2237,1,1,1,1,1,1,0,20260831,20261004
2238,0,1,1,0,1,0,0,20260601,20260607
2239,1,0,0,1,1,1,0,20260914,20260920
2240,0,0,0,0,0,0,1,20260525,20260531
2241,0,0,1,1,0,0,0,20260706,20260712
2242,0,1,0,0,0,0,0,20260601,20260607
2243,0,1,0,1,0,0,0,20260720,20260809
2244,0,0,1,0,0,0,0,20261026,20261101
2245,1,0,0,0,0,0,1,20260824,20260830
2246,0,0,0,1,1,0,1,20260525,20260531
2247,1,1,0,0,1,0,0,20260622,20260628
2248,1,1,1,1,1,0,0,20260817,20260823
2249,1,1,1,1,1,0,0,20260921,20260927
2250,1,1,1,1,1,0,0,20260601,20260802
2251,1,0,0,0,0,0,0,20260831,20260906
2252,0,0,1,0,0,0,0,20260914,20260920
2253,1,1,0,0,0,1,1,20260914,20260920
2254,0,0,1,1,0,0,0,20260914,20260920
2255,1,1,1,1,1,0,0,20260615,20260621
2256,1,1,1,1,1,1,1,20260525,20260830
2257,0,0,0,0,0,1,1,20260824,20261018
2258,1,1,1,1,1,1,0,20260601,20260816
2259,0,0,0,0,0,1,1,20261019,20261025
2260,1,1,1,1,0,0,0,20260706,20260712
2261,0,0,1,1,1,1,1,20260907,20260913
2262,1,1,0,0,0,0,0,20260907,20260913
2263,1,1,1,1,0,0,0,20260928,20261004
2264,1,0,0,0,0,0,0,20260914,20260920
2265,1,0,0,0,1,0,0,20260921,20260927
2266,0,1,1,1,1,1,0,20260921,20260927
2267,1,1,1,1,1,0,1,20260525,20260802
2268,0,0,0,1,1,0,0,20260803,20260809
2269,1,0,0,0,1,1,1,20260928,20261004
2270,0,0,0,0,0,1,1,20260727,20260802
2271,0,0,0,0,1,1,0,20260831,20260906
2272,1,0,0,0,1,1,1,20261012,20261018
2273,1,1,1,1,1,1,1,20260622,20260726
2274,0,1,0,1,0,1,0,20260810,20260816
2275,1,0,1,0,1,0,1,20260817,20260823
2276,0,1,0,0,1,0,0,20260907,20261004
2277,1,1,1,1,0,0,1,20260810,20260816
2278,1,1,1,1,0,0,1,20260824,20261018
2279,1,1,1,1,1,1,0,20260803,20261213
2280,0,0,0,0,0,1,0,20260810,20260816
2281,0,0,1,0,0,0,0,20260817,20260823
2282,0,0,0,0,0,0,1,20260921,20261101
2283,0,0,1,1,1,1,1,20260824,20260830
2284,0,0,1,1,1,1,1,20260928,20261004
2285,0,1,1,1,1,1,1,20260824,20260830
2286,1,1,1,1,1,0,0,20260629,20260705
2287,1,0,0,0,0,0,0,20260817,20260823
2288,0,0,0,0,0,1,1,20260525,20260531
2289,0,0,0,0,0,1,1,20260824,20260927
2290,1,1,1,1,1,0,0,20260525,20261213
2291,0,0,0,0,1,0,0,20260921,20260927
2292,0,0,0,0,1,0,0,20260928,20261004
2293,0,0,0,0,1,1,0,20260907,20260913
2294,1,1,1,1,1,1,1,20260525,20261101
2295,1,1,1,1,1,1,1,20260525,20260621
2296,0,0,0,0,1,1,0,20260921,20261004
2297,1,1,1,0,1,1,1,20261019,20261025
2298,1,0,1,0,1,0,0,20260907,20260920
2299,1,0,1,0,1,0,0,20260907,20260927
2300,1,1,1,1,1,1,0,20260907,20260913
2301,1,1,1,1,1,1,1,20260907,20260913
2302,0,0,1,1,1,1,1,20260921,20260927
2303,0,0,0,0,0,1,1,20260601,20260607
2304,0,0,0,0,0,1,0,20260914,20260920
2305,1,1,1,1,1,1,0,20260824,20260906
2306,1,1,1,1,0,0,0,20261026,20261101
2307,1,1,1,1,1,0,0,20260914,20261018
2308,1,0,1,1,1,0,0,20260727,20260802
2309,1,1,1,1,1,1,1,20260824,20261206
2310,1,1,1,1,1,1,1,20260608,20260614
2311,1,1,1,1,0,1,1,20260817,20260823
2312,0,0,0,0,1,1,0,20260525,20260614
2313,0,0,0,0,0,1,0,20261123,20261213
2314,1,1,1,1,1,1,1,20260928,20261108
2315,0,1,1,1,0,0,0,20261019,20261025
2316,0,0,1,1,1,1,1,20260622,20260628
2317,1,1,1,1,1,0,0,20260601,20260816
2318,1,1,1,1,1,1,1,20260713,20261206
2319,0,0,0,0,0,0,1,20261012,20261018
2320,1,1,1,1,1,0,0,20260713,20260719
2321,0,0,0,0,0,1,1,20260803,20260809
2322,0,0,0,1,1,1,1,20260824,20260830
2323,0,0,0,0,1,1,1,20260601,20260614
2324,0,0,0,0,1,1,1,20260831,20260920
2325,1,1,1,1,1,1,0,20260914,20261018
2326,1,1,1,1,1,0,0,20260824,20260927
2327,1,0,0,0,0,0,0,20260525,20260531
2328,0,0,0,0,1,1,1,20260713,20260816
2329,1,1,1,1,1,0,0,20260622,20261025
2330,1,1,1,1,1,0,0,20260608,20260621
2331,1,1,1,1,1,1,1,20260831,20261011
2332,1,1,0,0,0,1,1,20260921,20260927
2333,1,1,1,1,1,0,0,20260824,20261011
2334,1,0,0,0,1,1,1,20260824,20260830
2335,0,1,1,1,1,1,0,20260907,20260913
2336,0,0,0,0,0,1,1,20260817,20260823
2337,0,0,0,0,0,0,1,20260928,20261018
2338,0,0,0,0,0,1,1,20260720,20260726
2339,1,1,1,1,1,1,0,20260831,20261101
2340,1,1,1,1,1,1,1,20260525,20260628
2341,1,0,0,0,0,0,0,20261026,20261101
2342,0,0,0,0,0,1,1,20260622,20261025
2343,0,0,0,0,1,0,0,20260803,20260809
2344,1,1,1,1,1,0,0,20260720,20260809
2345,1,1,1,1,1,1,1,20260727,20260823
2346,0,0,0,0,0,1,1,20260817,20260906
2347,0,0,0,0,0,0,1,20260608,20260628
2348,1,1,1,1,0,1,1,20261026,20261101
2349,1,1,1,1,0,0,1,20260921,20260927
2350,0,0,0,0,0,1,0,20260608,20260628
2351,1,1,1,1,1,1,0,20260720,20260802
2352,0,1,1,1,1,1,0,20261026,20261101
2353,1,1,1,1,1,1,0,20261102,20261206
2354,1,0,0,0,0,0,1,20261026,20261101
2355,0,0,0,0,0,0,1,20260817,20260906
2356,1,1,1,1,0,0,0,20260831,20260906
2357,0,0,0,0,1,1,1,20260525,20260531
2358,0,1,1,1,1,1,1,20260525,20260607
2359,1,0,0,0,0,0,0,20260817,20261004
2360,0,1,1,1,1,1,1,20260622,20260705
2361,0,0,0,0,1,1,0,20261102,20261206
2362,0,0,1,1,1,1,1,20261005,20261011
2363,0,0,0,0,1,0,0,20260713,20260719
2364,1,1,0,0,0,0,0,20261005,20261011
2365,0,1,1,1,1,0,0,20261109,20261115
2366,1,1,1,1,1,1,0,20260608,20260614
2367,1,1,1,1,0,0,0,20260720,20260809
2368,0,0,0,0,1,0,0,20260817,20261213
2369,1,1,1,1,1,1,1,20260727,20260802
2370,1,1,1,0,0,0,0,20260803,20260809
2371,0,0,0,0,1,1,1,20260921,20260927
2372,0,1,1,1,1,1,1,20260727,20260802
2373,1,1,1,1,0,0,0,20260608,20260628
2374,1,1,1,1,1,0,0,20260622,20260705
2375,1,1,1,1,0,0,0,20260622,20260705
2376,1,1,1,1,1,0,0,20260831,20260913
2377,1,0,0,0,0,0,0,20260727,20260802
2378,0,0,0,1,1,0,0,20260928,20261004
2379,1,1,1,1,0,0,0,20261026,20261206
2380,0,0,0,1,1,1,1,20260720,20260726
2381,1,0,1,0,0,0,0,20260720,20260809
2382,0,0,0,1,0,0,0,20261207,20261213
2383,1,1,1,1,1,0,0,20260817,20261025
2384,1,1,1,1,0,0,0,20260608,20260705
2385,0,0,0,0,0,1,0,20261012,20261213
2386,1,0,0,1,1,1,1,20261130,20261206
2387,1,1,1,1,1,1,1,20260601,20260607
2388,1,1,0,0,0,0,1,20261012,20261018
2389,1,1,1,1,1,1,1,20260706,20260816
2390,0,0,1,0,0,0,0,20261012,20261018
2391,1,1,1,1,0,0,0,20261019,20261025
2392,0,1,1,1,1,0,0,20260831,20260906
2393,1,1,1,1,1,0,0,20260907,20261018
2394,1,0,1,1,1,0,0,20261207,20261213
2395,0,0,0,0,0,1,1,20260601,20260614
2396,0,0,0,0,0,0,1,20260824,20260830
2397,1,1,1,1,1,1,1,20260831,20261018
2398,0,0,0,0,0,1,1,20260608,20260816
2399,1,1,1,1,0,0,0,20260817,20260823
2400,1,1,1,1,1,0,0,20261019,20261025
2401,1,1,1,1,1,1,0,20261026,20261213
2402,0,0,0,0,0,1,1,20260914,20260920
2403,1,1,1,1,1,1,1,20260921,20260927
2404,1,1,1,1,1,1,1,20260525,20260705
2405,1,1,1,1,1,1,1,20260713,20260913
2406,1,0,0,0,1,1,1,20261005,20261011
2407,1,1,1,1,1,1,1,20260921,20261004
2408,1,1,1,1,1,1,1,20260525,20260726
2409,1,1,1,1,1,1,1,20260525,20260802
2410,1,1,1,1,1,1,1,20260831,20260913
2411,0,0,0,0,1,1,1,20261012,20261018
2412,1,1,1,1,0,0,1,20261019,20261025
2413,0,0,0,1,1,1,1,20260928,20261004
2414,1,1,1,1,1,1,1,20260803,20261206
2415,0,0,1,1,1,1,0,20260525,20260531
2416,1,0,1,0,1,0,1,20260824,20260830
2417,0,0,1,0,0,0,1,20260907,20261004
2418,1,0,1,0,0,1,0,20260727,20260802
2419,1,1,1,1,0,0,1,20261026,20261206
2420,1,0,0,0,0,0,1,20260921,20260927
2421,1,0,0,1,1,1,1,20260914,20260920
2422,0,0,0,0,0,1,0,20260525,20260802
2423,0,0,0,0,0,1,0,20260824,20261018
2424,0,0,0,1,1,1,0,20260817,20260823
2425,0,0,0,0,0,1,0,20260803,20260809
2426,0,0,0,0,0,1,0,20261207,20261213
2427,0,0,0,0,0,0,1,20260601,20260802
2428,0,1,1,0,0,0,0,20260914,20260920
2429,0,0,0,0,0,0,1,20260803,20261206
2430,0,1,1,1,1,1,1,20260907,20260913
2431,1,1,0,0,0,0,0,20260831,20260906
2432,1,1,0,0,0,0,0,20260921,20260927
2433,1,1,1,1,1,1,1,20260525,20260531
2434,1,1,1,1,0,0,1,20260629,20260705
2435,1,1,1,1,1,1,1,20260817,20260823
2436,1,1,1,1,1,1,1,20260622,20260705
2437,0,0,1,1,1,1,0,20260907,20260913
2438,0,0,0,0,0,1,1,20261005,20261101
2439,0,1,1,1,1,1,1,20260831,20260906
2440,0,0,0,0,0,0,1,20260622,20260628
2441,1,1,1,1,0,1,1,20261026,20261206
2442,1,1,1,1,1,1,0,20260629,20260705
2443,0,0,0,0,0,1,1,20260706,20260712
2444,1,1,1,1,1,1,1,20260824,20260906
2445,0,0,0,0,1,1,1,20260907,20260920
2446,1,1,1,1,1,0,0,20260622,20260628
2447,1,1,1,1,1,0,0,20261109,20261206
2448,0,0,0,0,1,0,0,20260921,20261004
2449,1,1,1,1,0,0,0,20260921,20261004
2450,1,1,1,1,1,0,0,20260629,20260802
2451,0,0,0,0,1,1,1,20260914,20260927
2452,1,1,1,1,1,1,1,20260928,20261004
2453,0,0,0,0,1,0,0,20260831,20260920
2454,0,0,0,0,0,0,1,20260615,20260830
2455,0,1,1,1,1,1,1,20260615,20260621
2456,0,0,1,1,1,1,1,20261102,20261108
2457,0,1,1,1,0,0,0,20260525,20260531
2458,1,1,1,1,1,1,1,20261130,20261206
2459,0,0,0,0,0,1,1,20260907,20260920
2460,0,0,0,0,0,1,1,20261109,20261122
2461,0,0,0,0,0,0,1,20261109,20261115
2462,0,0,0,1,1,0,0,20260921,20260927
2463,0,1,1,0,0,0,0,20260817,20260823
2464,1,1,1,1,1,0,0,20260824,20260906
2465,0,0,0,0,0,1,0,20260706,20260712
2466,1,1,0,1,1,1,1,20260921,20260927
2467,0,0,0,1,1,0,0,20260601,20260607
2468,0,0,0,0,1,1,0,20260615,20260621
2469,0,0,0,0,1,1,1,20260824,20260830
2470,0,0,0,1,1,1,0,20260914,20260920
2471,1,0,0,0,0,0,0,20261102,20261108
2472,0,0,0,0,0,1,1,20260713,20260719
2473,1,1,1,1,1,1,0,20260601,20260830
2474,1,1,1,1,1,0,0,20261012,20261018
2475,1,1,1,1,1,1,1,20260629,20260823
2476,0,0,0,0,1,0,0,20260921,20261018
2477,0,1,1,1,1,0,0,20260615,20260621
2478,1,1,1,1,1,1,0,20260824,20260913
2479,0,0,0,0,0,0,1,20260928,20261004
2480,1,1,1,1,1,1,0,20260601,20260906
2481,1,1,1,1,1,0,1,20261005,20261018
2482,1,1,1,1,0,0,0,20260622,20260802
2483,0,0,0,0,0,1,1,20260615,20260628
2484,1,1,1,1,1,1,1,20260608,20260823
2485,0,0,0,0,0,1,0,20260907,20260913
2486,1,1,1,1,1,1,1,20261012,20261101
2487,1,1,1,0,0,0,0,20260525,20260531
2488,0,0,0,0,0,1,1,20260608,20260830
2489,1,1,1,1,1,1,1,20260803,20260906
2490,1,0,0,0,1,1,1,20260720,20260726
2491,1,1,0,0,1,1,1,20260720,20260726
2492,0,0,0,0,0,1,1,20260608,20260621
2493,1,1,1,1,1,0,0,20260608,20260705
2494,1,1,0,0,0,0,1,20260525,20260531
2495,0,0,0,0,0,1,1,20260914,20261025
2496,1,0,0,0,0,0,0,20260608,20260614
2497,1,1,1,1,1,1,0,20261005,20261213
2498,0,1,1,1,1,1,1,20260720,20260809
2499,0,1,1,1,1,1,1,20260831,20260913
2500,1,0,0,0,0,0,0,20260525,20260712
2501,0,1,1,1,1,0,0,20260928,20261004
2502,1,1,1,1,0,1,1,20260824,20260920
2503,0,1,1,1,1,0,1,20260831,20260906
2504,0,0,0,0,0,1,1,20260824,20260920
2505,1,1,1,1,0,0,0,20261005,20261011
2506,1,1,0,0,0,0,0,20260706,20260712
2507,0,0,0,0,0,0,1,20260601,20260823
2508,0,1,0,0,0,0,0,20261005,20261011
2509,0,0,0,1,0,0,0,20261005,20261011
2510,0,0,0,1,0,0,0,20260525,20260531
2511,0,1,1,0,0,1,1,20260928,20261004
2512,0,0,0,0,1,1,1,20260713,20260802
2513,0,0,0,0,1,1,0,20260706,20260712
2514,0,0,0,0,1,0,0,20260824,20261213
2515,1,1,1,1,0,1,1,20260525,20260614
2516,0,0,0,0,0,1,0,20260831,20261213
2517,0,0,0,0,0,0,1,20260817,20260823
2518,0,0,0,0,0,0,1,20260601,20260705
2519,0,0,0,0,0,0,1,20261005,20261206
2520,1,1,1,1,1,1,0,20260817,20260823
2521,0,0,0,1,1,0,1,20261012,20261018
2522,0,0,1,1,0,0,0,20260622,20260628
2523,1,1,1,1,1,1,1,20260810,20260906
2524,0,0,1,1,1,1,1,20261012,20261018
2525,0,0,1,1,1,1,0,20261019,20261025
2526,1,1,1,1,1,0,0,20260608,20260913
2527,1,1,1,1,1,0,0,20260921,20261025
2528,0,0,0,0,1,1,1,20261019,20261025
2529,1,1,1,1,1,1,1,20260525,20261018
2530,1,1,1,1,1,1,1,20261019,20261101
2531,1,1,1,1,1,0,0,20261102,20261108
2532,0,0,0,0,0,0,1,20260601,20260816
2533,0,0,0,0,1,1,1,20260817,20260823
2534,1,1,1,1,1,1,0,20260824,20261018
2535,1,1,1,1,1,0,0,20260914,20260920
2536,1,0,0,0,0,0,0,20260824,20260830
2537,0,0,0,0,1,1,1,20260706,20260712
2538,1,1,1,1,1,0,1,20261005,20261011
2539,1,1,1,1,1,1,1,20260914,20260927
2540,0,0,1,1,1,0,0,20260525,20260531
2541,1,0,0,0,0,0,0,20260921,20260927
2542,0,0,0,0,0,1,0,20260928,20261004
2543,1,1,1,1,1,1,1,20260803,20260809
2544,1,1,1,1,1,0,1,20260810,20260816
2545,1,1,1,0,0,0,1,20260817,20260823
2546,1,1,1,1,0,0,1,20260831,20260906
2547,1,1,1,1,1,1,1,20260803,20260830
2548,1,1,1,1,1,1,1,20260810,20260830
2549,0,0,1,1,0,1,0,20260727,20260809
2550,0,1,0,1,0,1,0,20260803,20260809
2551,0,1,0,1,0,1,0,20260817,20260823
2552,0,1,0,1,0,1,0,20260720,20260726
2553,1,1,1,0,0,0,0,20260914,20260920
2554,0,1,1,1,0,0,0,20261012,20261018
2555,1,1,1,1,1,0,1,20260824,20261018
2556,1,1,1,1,1,0,0,20261005,20261018
2557,0,0,0,0,1,0,0,20261109,20261206
2558,0,0,0,0,0,0,1,20260921,20261206
2559,1,0,0,1,1,1,1,20260928,20261004
2560,1,1,1,0,0,0,0,20260601,20260607
2561,0,0,1,0,0,0,0,20260810,20260816
2562,1,1,0,0,0,0,1,20260706,20260712
2563,0,0,1,1,1,1,0,20260706,20260712
2564,1,1,1,1,1,1,0,20260622,20260628
2565,1,1,1,1,0,1,1,20260810,20260816
2566,0,0,1,0,1,0,0,20260525,20260531
2567,0,0,1,0,0,0,0,20260525,20260531
2568,1,1,1,1,1,1,1,20260525,20260816
2569,1,1,1,1,1,1,1,20260803,20260823
2570,0,0,0,0,1,0,0,20260824,20260830
2571,1,1,1,1,1,0,0,20260921,20261018
2572,0,1,1,1,1,1,1,20260928,20261004
2573,1,1,1,1,1,1,1,20260601,20260830
2574,0,0,0,0,1,0,0,20260525,20260621
2575,0,0,0,1,1,1,1,20260907,20260913
2576,0,0,0,0,0,1,1,20260720,20260802
2577,1,1,1,1,1,0,0,20260601,20260726
2578,1,1,1,1,1,1,1,20260622,20260816
2579,1,1,1,1,0,1,1,20260525,20260621
2580,1,0,0,0,0,0,0,20261123,20261129
2581,1,1,1,1,1,1,0,20260601,20260607
2582,1,1,1,1,1,0,0,20260824,20260913
2583,1,1,1,0,1,1,1,20260601,20260607
2584,1,1,1,1,0,1,1,20260601,20260607
2585,0,0,1,0,1,0,0,20260601,20260607
2586,0,0,0,0,0,0,1,20260921,20261011
2587,0,0,0,0,1,1,1,20260601,20260802
2588,1,0,0,0,0,0,0,20260601,20260607
2589,1,1,1,1,1,1,1,20260720,20260823
2590,1,0,0,0,0,1,0,20260907,20260913
2591,0,0,0,0,1,1,1,20260622,20260816
2592,1,1,1,1,1,0,0,20260525,20260531
2593,1,1,1,1,1,0,0,20260622,20261213
2594,0,0,0,0,1,1,1,20260622,20260705
2595,1,1,1,1,1,1,1,20260615,20261206
2596,1,1,1,1,1,0,0,20260608,20260802
2597,1,1,1,1,1,0,1,20260928,20261004
2598,1,1,1,0,0,0,0,20260706,20260712
2599,0,0,0,0,1,1,1,20260831,20260913
2600,0,1,0,0,0,0,0,20260928,20261004
2601,0,0,0,1,0,0,0,20260928,20261004
2602,0,1,1,0,0,0,0,20260525,20260531
2603,0,1,0,1,0,0,0,20261005,20261011
2604,1,1,1,1,1,1,1,20260601,20260726
2605,1,1,1,1,1,0,0,20260720,20260802
2606,1,1,1,0,0,0,1,20261005,20261011
2607,1,1,1,1,1,1,1,20260525,20260719
2608,0,0,0,0,1,1,0,20260824,20260830
2609,1,1,1,1,0,0,1,20260525,20260531
2610,1,1,1,1,0,0,1,20260928,20261004
2611,0,0,0,0,0,0,1,20260706,20260712
2612,1,1,1,1,1,1,1,20260525,20260809
2613,0,0,0,0,1,1,0,20260921,20260927
2614,1,1,1,1,1,1,1,20260622,20260823
2615,0,0,0,0,0,0,1,20260727,20260802
2616,1,1,1,1,1,0,0,20260817,20260913
2617,1,1,1,1,1,1,1,20260525,20260607
2618,0,0,0,0,1,1,0,20260525,20260802
2619,0,1,1,1,1,1,1,20261116,20261129
2620,0,1,1,1,0,0,0,20260713,20260719
2621,1,0,0,0,0,0,0,20260713,20260719
2622,1,0,0,0,0,0,0,20261012,20261018
2623,0,1,0,0,0,0,0,20261130,20261206
2624,1,0,0,0,0,0,0,20260720,20261004
2625,0,0,0,0,1,0,1,20261012,20261018
2626,1,0,0,0,1,1,1,20260914,20260920
2627,0,0,0,0,1,1,1,20261005,20261011
2628,1,1,1,0,0,1,1,20260921,20260927
2629,1,1,1,1,1,0,0,20260928,20261025
2630,1,1,0,1,1,0,0,20260921,20260927
2631,1,1,1,1,0,0,0,20260921,20261018
2632,1,0,0,0,0,1,1,20260928,20261004
2633,1,0,0,1,1,1,1,20261005,20261011
2634,0,0,0,1,0,0,0,20260824,20260830
2635,1,0,0,1,1,1,1,20260720,20260726
2636,1,0,1,0,0,0,0,20260601,20260705
2637,0,0,0,1,1,1,1,20260810,20260816
2638,1,0,1,0,0,0,0,20260824,20261025
2639,1,1,1,1,1,1,1,20260720,20260726
2640,1,1,1,0,0,0,0,20260720,20260726
2641,0,0,0,0,0,0,1,20260727,20260906
2642,0,0,0,0,0,0,1,20260601,20260621
2643,1,1,1,1,1,1,1,20260810,20260816
2644,0,0,0,0,1,0,1,20260727,20260802
2645,1,1,1,1,1,1,1,20261005,20261129
2646,1,1,0,0,1,0,1,20260803,20260809
2647,0,0,1,1,0,0,0,20260727,20260802
2648,1,1,1,1,1,0,0,20260824,20261018
2649,1,1,1,1,1,1,0,20261207,20261213
2650,1,1,1,1,1,0,0,20260601,20260621
2651,1,1,1,1,1,0,0,20260824,20260830
2652,0,0,0,1,0,1,1,20260601,20260607
2653,0,0,0,0,0,1,1,20260608,20260705
2654,1,1,1,1,1,0,0,20261102,20261206
2655,0,0,0,1,1,0,0,20260914,20260920
2656,1,1,1,1,1,1,1,20260921,20261206
2657,1,1,0,0,1,1,1,20260914,20260920
2658,1,0,0,0,0,0,1,20260525,20260531
2659,1,1,1,1,1,0,0,20260928,20261004
2660,1,1,1,1,1,0,0,20261026,20261101
2661,1,1,1,1,1,1,1,20260601,20260823
2662,1,1,1,1,1,0,0,20260727,20260802
2663,1,1,1,0,0,0,0,20260921,20260927
2664,1,1,1,1,1,1,1,20260831,20260920
2665,0,0,0,0,0,1,1,20260831,20260906
2666,0,0,0,0,0,1,1,20260601,20260621
2667,0,0,0,0,0,1,0,20260629,20260705
2668,0,1,0,1,0,0,1,20260727,20260802
2669,0,1,0,1,0,1,0,20260706,20260712
2670,0,1,0,1,0,1,0,20260824,20260830
2671,1,1,0,0,0,0,1,20260817,20260823
2672,1,1,1,1,1,0,0,20261207,20261213
2673,0,0,0,0,1,1,0,20261019,20261025
2674,0,0,0,0,1,0,0,20261026,20261206
2675,1,1,1,1,1,1,1,20260525,20260906
2676,1,1,0,0,0,1,1,20260907,20260913
2677,0,0,1,1,1,0,0,20260907,20260913
2678,0,0,0,0,0,0,1,20260831,20261206
2679,0,1,1,0,0,0,0,20260928,20261004
2680,1,1,1,0,0,0,0,20260831,20260906
2681,1,1,1,1,1,1,1,20260907,20260927
2682,1,1,1,1,0,0,0,20260525,20260531
2683,1,1,1,1,1,1,1,20260622,20260809
2684,1,1,0,1,1,1,1,20260810,20260816
2685,0,0,0,0,0,1,1,20261005,20261011
2686,0,0,0,0,0,1,1,20261005,20261018
2687,0,0,0,0,1,0,0,20260824,20260920
2688,1,1,1,1,0,1,1,20260928,20261004
2689,1,1,1,1,0,1,1,20260525,20260802
2690,0,0,0,0,0,0,1,20260629,20260705
2691,1,1,1,1,1,0,1,20260629,20260705
2692,0,0,1,0,0,0,0,20260921,20260927
2693,1,1,1,1,1,1,1,20260608,20260621
2694,0,0,1,1,1,0,0,20261102,20261108
2695,1,1,1,1,1,0,1,20260824,20260906
2696,0,0,0,0,1,0,1,20260907,20260913
2697,1,1,1,1,1,0,0,20261109,20261129
2698,1,1,1,1,0,0,0,20260921,20260927
2699,0,0,0,0,0,1,1,20260907,20260913
2700,1,1,1,1,1,1,0,20261005,20261011
2701,1,1,1,1,1,1,1,20261005,20261025
2702,0,0,0,0,0,1,0,20260824,20260830
2703,0,0,0,0,0,0,1,20260713,20260719
2704,0,0,0,0,0,1,0,20260615,20260719
2705,1,0,0,0,0,0,0,20260615,20260621
2706,1,1,1,1,1,0,0,20260525,20260816
2707,1,1,1,1,0,1,1,20260831,20261018
2708,1,1,1,1,1,1,1,20260615,20260830
2709,0,0,0,0,1,0,0,20260615,20260621
2710,1,0,0,0,1,1,1,20260525,20260531
2711,1,0,0,0,0,0,0,20261109,20261115
2712,0,1,1,1,1,1,0,20261207,20261213
2713,0,0,0,1,0,0,0,20260817,20260823
2714,1,1,1,1,1,1,1,20260608,20260628
2715,0,0,0,0,0,1,0,20260615,20260621
2716,1,1,1,1,1,0,1,20260706,20260712
2717,0,0,1,1,1,0,0,20261005,20261011
2718,0,1,1,1,1,1,0,20260824,20260830
2719,0,0,0,1,1,1,0,20261019,20261025
2720,0,0,1,0,0,0,0,20260928,20261004
2721,0,0,0,0,0,1,0,20260928,20261018
2722,1,1,1,1,1,0,1,20260907,20260913
2723,0,0,0,0,0,0,1,20260601,20260913
2724,0,0,0,0,1,1,1,20260629,20260705
2725,1,1,1,1,1,0,1,20260824,20260913
2726,0,0,0,0,1,0,0,20261102,20261206
2727,0,0,0,0,1,0,0,20260831,20261018
2728,0,0,0,0,1,0,0,20261026,20261101
2729,1,1,1,1,1,0,0,20260803,20260809
2730,1,1,1,1,0,0,0,20260810,20260816
2731,1,1,1,1,0,0,0,20260622,20260816
2732,0,1,1,1,1,0,0,20260914,20261011
2733,0,0,1,1,1,1,1,20260713,20260719
2734,1,0,0,0,1,0,0,20260824,20260830
2735,1,0,0,0,0,1,1,20260824,20260830
2736,1,1,1,1,0,0,0,20260601,20260802
2737,1,1,1,1,1,0,0,20260622,20260830
2738,0,0,0,0,0,1,1,20260706,20260802
2739,1,1,1,1,1,0,0,20260720,20260726
2740,0,0,0,1,1,1,0,20261005,20261011
2741,1,1,1,1,0,1,1,20260615,20260621
2742,0,0,0,0,1,1,0,20260810,20260816
2743,1,1,1,1,1,0,0,20260914,20261025
2744,1,1,1,0,1,1,0,20260601,20260607
2745,1,1,1,1,1,1,0,20260608,20260628
2746,0,0,0,1,0,0,1,20260601,20260607
2747,1,1,1,1,1,1,0,20260817,20260913
2748,0,0,1,1,1,1,0,20261102,20261108
2749,0,0,1,1,0,1,1,20261102,20261108
2750,1,0,0,0,0,0,0,20261019,20261213
2751,0,1,1,1,1,0,0,20260810,20260816
2752,0,0,0,0,1,1,1,20260601,20260607
2753,0,0,0,0,1,0,0,20261005,20261011
2754,0,1,1,1,1,1,0,20261005,20261011
2755,1,1,1,1,0,1,1,20260824,20260830
2756,1,1,1,1,0,0,0,20260713,20260719
2757,1,1,1,1,0,0,0,20261102,20261206
2758,1,1,1,1,1,1,1,20260810,20260823
2759,0,0,0,0,1,1,0,20260601,20260607
2760,1,1,1,0,0,0,0,20261102,20261108
2761,1,1,1,1,1,1,1,20260720,20260802
2762,1,1,0,0,0,1,1,20260615,20260621
2763,0,1,1,1,1,1,1,20260608,20260614
2764,0,0,0,0,0,0,1,20260928,20261206
2765,0,0,0,0,0,0,1,20260615,20260621
2766,1,1,1,0,0,0,0,20261019,20261025
2767,0,1,0,1,0,0,0,20260525,20260531
2768,1,0,1,0,0,0,0,20260713,20260719
2769,1,1,1,1,1,1,1,20260601,20260802
2770,1,0,1,0,0,0,0,20261102,20261213
2771,1,1,1,1,1,0,1,20261019,20261206
2772,0,0,0,1,1,1,1,20261012,20261018
2773,0,0,0,1,1,1,0,20261012,20261018
2774,1,1,1,1,1,1,1,20260803,20260816
2775,0,1,0,1,1,1,1,20260615,20260621
2776,1,1,1,1,1,0,0,20260615,20260628
2777,1,1,1,1,0,0,0,20260720,20260802
2778,0,1,1,1,1,0,0,20260525,20260531
2779,1,0,0,0,0,1,1,20261026,20261101
2780,1,1,0,0,0,0,0,20260914,20260920
2781,0,0,1,1,1,0,0,20260914,20260920
2782,1,1,1,1,1,1,1,20260525,20260614
2783,1,1,1,1,1,0,0,20260831,20261018
2784,1,1,1,1,1,1,1,20261109,20261206
2785,1,1,1,1,1,1,0,20260824,20261011
2786,0,0,0,0,0,1,1,20260601,20260802
2787,0,0,0,0,0,0,1,20260803,20260809
2788,0,0,0,0,0,1,1,20260921,20260927
2789,0,1,1,1,1,0,0,20260824,20260830
2790,1,1,1,0,0,0,0,20261005,20261011
2791,1,1,1,1,1,1,1,20260831,20260906
2792,0,0,0,0,0,1,1,20261012,20261018
2793,0,1,1,1,0,0,0,20260921,20260927
2794,0,0,0,0,0,1,1,20260921,20261011
2795,0,0,0,0,0,0,1,20260601,20260614
2796,0,0,0,0,0,0,1,20260914,20261206
2797,0,0,0,0,0,0,1,20260907,20260913
2798,1,1,1,1,1,1,1,20261005,20261011
2799,0,0,0,0,0,1,0,20260831,20260906
2800,1,0,0,0,0,1,1,20260831,20260906
2801,1,0,1,0,1,0,1,20260810,20260816
2802,1,0,0,0,0,0,0,20260601,20261213
2803,1,1,1,1,0,0,1,20260525,20260802
2804,1,1,1,1,1,1,0,20260601,20260802
2805,1,1,1,1,1,1,1,20260601,20261206
2806,0,0,0,0,0,0,1,20260831,20260920
2807,1,1,1,1,0,0,0,20260907,20260913
2808,1,1,1,0,0,0,0,20260907,20260913
2809,0,0,0,0,0,1,1,20260824,20260906
2810,1,1,1,1,1,1,1,20260914,20260920
2811,0,0,0,0,1,0,0,20260817,20260823
2812,0,0,0,1,1,1,1,20260601,20260607
2813,0,0,0,0,1,0,0,20260525,20260531
2814,1,1,1,1,1,1,1,20260831,20260927
2815,1,1,1,1,1,1,1,20260629,20260830
2816,0,0,0,0,1,0,0,20260907,20260913
2817,0,0,0,0,1,0,0,20261005,20261018
2818,1,1,1,1,0,0,0,20260914,20260920
2819,0,0,0,0,0,1,0,20260921,20260927
2820,1,1,1,1,1,1,1,20260629,20260920
2821,1,0,1,0,1,0,0,20260921,20260927
2822,1,1,0,0,0,0,0,20261102,20261108
2823,1,1,1,1,1,0,0,20260921,20261004
2824,0,1,1,1,1,1,0,20260907,20260927
2825,0,0,1,1,1,1,1,20260817,20260823
2826,0,0,0,0,0,1,1,20260525,20261206
2827,1,1,1,1,0,0,0,20260615,20260621
2828,0,0,0,0,0,1,1,20260824,20260830
2829,0,0,0,0,1,1,1,20260831,20261018
2830,0,0,0,0,1,1,1,20261026,20261206
2831,0,0,0,0,0,0,1,20261123,20261129
2832,0,0,0,0,1,0,0,20260608,20260614
2833,0,0,0,0,0,1,1,20260601,20260628
2834,1,1,1,1,1,1,1,20260629,20261206
2835,0,1,1,1,1,0,0,20260907,20260913
2836,1,0,0,1,1,0,0,20260928,20261004
2837,0,0,0,0,1,0,0,20260914,20260920
2838,1,1,1,1,1,1,1,20260608,20260705
2839,0,0,1,1,1,0,0,20260622,20260628
2840,0,0,0,0,0,1,1,20260608,20261206
2841,0,0,0,1,1,1,1,20260525,20260531
2842,1,1,1,1,1,0,0,20261026,20261213
2843,0,0,0,1,1,1,0,20260622,20260816
2844,1,1,1,1,1,1,1,20260601,20260906
2845,0,1,1,1,1,0,0,20261102,20261108
2846,1,1,1,1,1,1,1,20260921,20261011
2847,1,1,1,1,1,1,0,20260831,20260920
2848,1,1,1,1,1,0,0,20260608,20260614
2849,1,1,1,1,0,1,0,20260713,20260719
2850,1,1,1,1,1,0,0,20260831,20261011
2851,0,0,0,0,1,0,0,20261012,20261018
2852,0,0,0,0,0,0,1,20260831,20261101
2853,0,0,0,0,1,1,1,20260622,20260802
2854,0,0,0,0,0,1,1,20260601,20260816
2855,0,0,0,1,1,1,1,20260706,20260712
2856,0,0,0,1,1,0,0,20260907,20260913
2857,1,1,0,0,0,0,0,20260713,20260719
2858,1,1,1,1,1,1,1,20260803,20260913
2859,0,0,0,0,0,0,1,20260824,20260913
2860,1,1,1,1,1,1,0,20260928,20261004
2861,1,1,1,1,1,0,0,20260831,20261025
2862,1,0,1,0,1,1,1,20261005,20261011
2863,0,0,0,0,1,1,1,20260727,20260802
2864,1,1,1,1,1,1,1,20260615,20260621
2865,1,1,1,1,1,1,1,20260622,20260719
2866,0,0,0,0,0,1,1,20260824,20261025
2867,0,1,1,1,1,0,0,20260817,20260823
2868,0,0,0,0,0,1,0,20260824,20261213
2869,0,0,0,0,0,1,0,20260525,20260607
2870,1,0,1,1,1,1,0,20261207,20261213
2871,1,1,1,1,1,0,1,20260601,20260607
2872,0,0,0,0,0,0,1,20260720,20260726
2873,0,1,1,1,1,1,0,20260608,20260614
2874,1,0,0,0,0,0,0,20260601,20260614
2875,1,0,0,0,0,0,0,20260622,20260712
2876,1,0,0,0,0,0,0,20260720,20260809
2877,0,1,1,1,1,0,0,20260727,20260802
2878,1,0,0,0,0,0,0,20260810,20260816
2879,1,0,0,0,0,0,1,20260921,20261011
2880,1,0,0,0,0,0,0,20261012,20261213
2881,0,0,0,0,0,0,1,20260810,20260816
2882,1,1,1,1,0,0,0,20261005,20261018
2883,0,0,0,0,1,1,0,20261026,20261101
2884,1,1,1,1,1,1,1,20260720,20260809
2885,1,1,1,1,0,0,0,20260810,20261025
2886,0,1,1,1,0,0,0,20261026,20261101
2887,1,1,1,1,1,0,0,20260831,20261004
2888,0,0,1,1,1,0,0,20260615,20260621
2889,1,1,1,1,0,1,1,20260803,20260809
2890,1,0,0,1,1,0,0,20260914,20260920
2891,1,1,1,0,1,1,1,20260817,20260823
2892,1,1,1,1,1,1,1,20260824,20260920
2893,0,1,1,0,0,0,0,20261005,20261011
2894,0,1,1,0,0,0,0,20260720,20260726
2895,0,1,0,1,0,0,0,20260713,20260719
2896,1,1,1,0,0,0,0,20260810,20260816
2897,1,1,1,0,0,1,1,20260803,20260809
2898,1,1,1,1,1,0,1,20260914,20260920
2899,0,1,1,0,0,0,0,20261130,20261206
2900,0,0,1,1,1,1,1,20261019,20261025
2901,1,1,1,1,1,1,1,20261026,20261206
2902,0,0,1,1,1,1,1,20260706,20260712
2903,0,0,1,0,0,0,0,20260615,20260621
2904,1,1,1,1,1,1,1,20260601,20260705
2905,1,1,1,1,1,0,0,20260810,20260816
2906,1,1,1,1,1,1,1,20260525,20261206
2907,1,0,0,0,0,1,1,20260525,20260531
2908,1,1,1,0,1,0,0,20260601,20260607
2909,1,1,1,1,1,1,1,20260525,20260913
2910,0,0,0,0,0,1,1,20260615,20260621
2911,1,1,1,1,1,1,1,20260831,20261206
2912,0,1,1,1,1,1,0,20260525,20260531
2913,0,0,0,0,0,0,1,20260824,20261018
2914,0,0,0,0,0,1,1,20260928,20261004
2915,1,1,1,1,1,1,1,20260525,20260920
2916,1,1,1,1,1,1,1,20260928,20261206
2917,0,0,0,0,0,1,1,20260921,20261004
2918,1,1,1,1,1,1,0,20260824,20260830
2919,0,0,0,1,1,1,1,20261005,20261011
2920,1,1,1,1,1,1,1,20261012,20261206
2921,1,1,1,1,1,0,0,20261005,20261011
2922,1,1,1,1,1,1,1,20261012,20261018
2923,1,1,1,1,1,1,1,20260525,20261011
2924,1,1,1,1,1,1,1,20261019,20261206
2925,0,0,0,0,0,1,1,20260824,20261011
2926,1,1,1,1,1,1,0,20260914,20260920
2927,0,1,0,0,0,0,0,20260525,20260531
2928,1,1,1,1,1,0,0,20260928,20261018
2929,0,0,0,1,1,1,1,20260921,20260927
2930,1,1,1,1,1,1,0,20260824,20260920
2931,1,1,1,1,1,1,0,20261005,20261018
2932,1,1,1,1,1,0,1,20261026,20261206
2933,1,1,1,1,1,1,1,20260525,20260927
2934,0,1,1,1,0,0,0,20260928,20261004
2935,1,1,1,1,1,0,0,20260831,20260906
2936,1,1,1,1,1,1,1,20260907,20261206
2937,0,0,0,0,0,0,1,20260831,20260906
2938,1,0,0,0,0,1,1,20261012,20261018
2939,1,1,1,1,1,1,1,20260928,20261011
2940,0,0,0,0,1,0,1,20260629,20260705
2941,1,1,1,0,0,0,1,20261019,20261025
2942,1,1,1,1,0,0,0,20261012,20261018
2943,0,0,0,0,1,0,0,20260810,20260816
2944,0,0,0,0,1,0,0,20260824,20261018
2945,0,0,0,1,0,0,0,20261019,20261025
2946,0,1,1,1,1,1,0,20260928,20261004
2947,0,0,0,1,1,1,1,20260831,20260906
2948,1,0,0,0,0,0,0,20260907,20260913
2949,1,1,0,0,0,0,0,20260928,20261004
2950,1,0,0,0,0,0,0,20261005,20261011
2951,0,1,1,1,1,1,1,20260921,20260927
2952,0,0,0,0,1,1,1,20260907,20260913
2953,1,1,0,0,0,0,0,20260817,20260823
2954,0,0,0,0,1,1,1,20260622,20260628
2955,0,1,1,1,1,1,1,20260817,20260823
2956,1,1,1,1,1,1,1,20260824,20260830
2957,1,1,1,1,1,1,1,20260601,20260614
2958,1,1,1,1,1,1,1,20260713,20260830
2959,1,1,1,1,1,1,0,20260928,20261213
2960,1,1,1,1,0,1,1,20260824,20261018
2961,1,1,1,1,1,1,1,20260622,20260628
2962,0,0,0,0,1,1,1,20260810,20260816
2963,0,0,0,0,1,1,1,20260831,20260906
2964,0,0,0,0,1,1,0,20261005,20261011
2965,1,1,1,1,1,1,1,20260525,20261129
2966,1,1,1,1,1,0,0,20260907,20260927
2967,0,0,0,0,0,0,1,20260615,20260712
2968,1,1,1,1,0,0,0,20260831,20260920
2969,0,0,0,0,1,1,0,20260831,20260920
2970,0,0,0,0,1,1,1,20260601,20260621
2971,0,1,1,1,1,1,1,20261102,20261206
2972,1,0,0,0,0,1,1,20260914,20260927
2973,1,1,1,1,1,1,1,20260713,20260920
2974,1,1,1,0,0,1,1,20260601,20260607
2975,0,0,0,0,0,0,1,20261019,20261206
2976,1,1,1,1,1,1,0,20260831,20260906
2977,0,0,1,1,1,0,0,20260921,20260927
2978,1,1,1,1,1,1,0,20260914,20261213
2979,1,1,1,1,1,1,0,20260921,20261213
2980,1,1,1,1,1,1,1,20260720,20261206
2981,1,1,1,1,0,0,1,20260831,20261018
2982,0,0,0,0,1,1,0,20260831,20261018
2983,0,0,0,0,1,1,0,20261026,20261206
2984,0,0,0,0,0,1,0,20260914,20260927
2985,0,0,0,0,0,1,0,20260824,20260913
2986,0,0,0,0,1,1,1,20261026,20261101
2987,0,0,0,0,0,1,0,20260622,20260628
2988,0,0,0,0,0,1,1,20260831,20260913
2989,1,1,1,1,0,1,1,20260608,20260614
2990,0,0,0,0,0,1,1,20260629,20260816
2991,1,1,1,1,1,0,0,20260615,20260816
2992,0,0,0,0,0,0,1,20260608,20260614
2993,0,0,0,0,0,1,1,20260713,20260802
2994,1,1,1,1,0,1,1,20260921,20261018
2995,0,0,1,1,1,1,1,20260914,20260920
2996,1,0,1,1,1,1,1,20260928,20261004
2997,1,1,0,0,1,1,1,20260921,20260927
2998,0,0,0,0,0,1,1,20260608,20260726
2999,0,1,1,1,0,0,0,20260720,20260726
3000,0,1,1,1,1,1,1,20261102,20261108
3001,0,0,0,0,0,1,1,20260720,20260809
3002,0,1,1,1,1,0,0,20260608,20260614
3003,0,0,0,0,0,1,0,20260601,20260607
3004,0,0,0,0,0,1,1,20261109,20261115
3005,0,1,1,1,1,1,1,20260615,20260705
3006,0,1,1,1,1,1,1,20261012,20261101
3007,1,0,0,0,0,1,0,20261012,20261018
3008,1,1,1,1,1,0,0,20260914,20261004
3009,1,0,1,1,0,0,0,20261207,20261213
3010,0,0,0,0,1,1,0,20260525,20260531
3011,0,0,0,0,0,0,1,20260824,20261101
3012,0,0,1,0,0,0,0,20261005,20261011
3013,0,0,0,0,0,1,0,20260525,20260531
3014,1,1,1,1,1,1,1,20260914,20261101
3015,0,1,1,1,0,0,1,20260525,20260531
3016,1,1,1,0,1,1,1,20260525,20260531
3017,1,0,1,1,0,0,1,20260928,20261004
3018,0,0,0,0,1,0,0,20260525,20260705
3019,0,0,1,0,0,0,0,20261102,20261108
3020,0,1,0,1,0,0,0,20260824,20261206
3021,1,1,1,1,1,1,1,20260601,20260712
3022,1,1,0,0,0,0,0,20260727,20260802
3023,0,0,1,1,0,1,0,20260803,20260809
3024,1,1,0,0,0,0,0,20261012,20261018
3025,0,0,0,0,0,1,1,20260907,20260927
